#Measuremente data, separator is tabulator
#AcX,Acy,Acz,Gx,Gy,Gz,Brake

1084	-376	18568	-585	151	-325	0	
1256	-316	18584	-572	158	-334	0	
1192	-328	18468	-578	150	-343	0	
1108	-332	18432	-586	149	-351	0	
1140	-288	18504	-582	168	-329	0	
1164	-220	18456	-567	150	-348	0	
1068	-276	18492	-568	142	-328	0	
1172	-416	18516	-568	160	-359	0	
1228	-508	18328	-569	164	-320	0	
1160	-300	18508	-573	144	-306	0	
1100	-360	18624	-561	142	-347	0	
1204	-312	18604	-576	154	-339	0	
1216	-396	18316	-596	159	-336	0	
1132	-412	18540	-556	138	-335	0	
1104	-300	18316	-577	173	-316	0	
1172	-228	18636	-564	158	-331	0	
1148	-320	18456	-576	151	-350	0	
1128	-280	18468	-574	157	-328	0	
1236	-432	18460	-565	146	-333	0	
1232	-340	18704	-575	157	-354	0	
1148	-304	18536	-574	178	-317	0	
1164	-400	18476	-581	173	-351	0	
1152	-336	18476	-567	164	-316	0	
1160	-460	18588	-545	128	-312	0	
1188	-396	18264	-575	155	-311	0	
1184	-280	18504	-580	148	-347	0	
1164	-332	18544	-573	163	-320	0	
1184	-344	18548	-564	150	-333	0	
1256	-396	18636	-571	141	-340	0	
1136	-416	18652	-567	146	-336	0	
1092	-408	18404	-567	143	-335	0	
1192	-356	18616	-585	150	-331	0	
1192	-328	18616	-570	155	-357	0	
1192	-376	18460	-550	160	-346	0	
1188	-408	18440	-558	158	-342	0	
1192	-384	18504	-597	146	-328	0	
1180	-296	18508	-558	152	-342	0	
1168	-308	18652	-580	138	-342	0	
1180	-328	18464	-582	133	-332	0	
1124	-336	18404	-578	149	-343	0	
1208	-340	18468	-579	165	-335	0	
1172	-340	18540	-566	154	-341	0	
1140	-436	18672	-571	147	-338	0	
1184	-268	18376	-581	133	-335	0	
1240	-492	18484	-575	158	-325	0	
1192	-316	18464	-584	174	-345	0	
1068	-340	18512	-554	147	-340	0	
1168	-400	18504	-597	157	-319	0	
1276	-388	18460	-563	145	-355	0	
1144	-400	18392	-581	173	-358	0	
1172	-348	18408	-572	155	-314	0	
1144	-396	18464	-563	164	-327	0	
1116	-308	18456	-559	154	-334	0	
1240	-304	18496	-568	147	-340	0	
1120	-380	18480	-563	154	-320	0	
1152	-288	18556	-589	150	-347	0	
1164	-360	18488	-562	152	-335	0	
1124	-272	18452	-576	166	-342	0	
1064	-372	18424	-558	161	-333	0	
1192	-356	18436	-574	148	-341	0	
1244	-384	18572	-565	165	-340	0	
1232	-348	18468	-562	134	-341	0	
1052	-244	18460	-585	162	-334	0	
1156	-284	18540	-574	172	-329	0	
1140	-400	18376	-571	157	-331	0	
1140	-348	18496	-571	174	-308	0	
1148	-260	18516	-578	174	-330	0	
1156	-292	18412	-563	163	-334	0	
1124	-408	18492	-551	162	-308	0	
1080	-304	18460	-590	151	-335	0	
1168	-420	18264	-582	164	-356	0	
1160	-288	18408	-566	161	-318	0	
1208	-420	18576	-563	142	-349	0	
1112	-304	18500	-575	170	-327	0	
1144	-312	18516	-567	160	-328	0	
1160	-364	18464	-582	150	-336	0	
1148	-288	18428	-545	177	-351	0	
1080	-304	18616	-554	160	-344	0	
1176	-332	18436	-575	170	-350	0	
1192	-368	18596	-569	146	-358	0	
1120	-412	18528	-568	172	-341	0	
1192	-360	18540	-564	148	-342	0	
1180	-296	18380	-563	139	-337	0	
1056	-348	18500	-575	145	-342	0	
1084	-292	18448	-574	140	-331	0	
1180	-368	18576	-565	146	-320	0	
1196	-296	18440	-553	140	-345	0	
1144	-336	18416	-566	161	-335	0	
1144	-456	18360	-579	162	-329	0	
1088	-340	18484	-567	150	-335	0	
1072	-368	18448	-582	167	-327	0	
1084	-340	18560	-569	163	-330	0	
1244	-428	18532	-587	149	-343	0	
1180	-428	18312	-582	138	-345	0	
1116	-272	18372	-573	135	-327	0	
1168	-332	18524	-576	147	-342	0	
1068	-232	18528	-572	169	-351	0	
1208	-448	18504	-567	144	-361	0	
1232	-416	18472	-570	166	-356	0	
1216	-400	18596	-570	164	-346	0	
1132	-336	18616	-567	149	-334	0	
1268	-260	18472	-576	124	-349	0	
1172	-368	18636	-558	149	-335	0	
1052	-396	18456	-577	153	-327	0	
1204	-380	18400	-575	159	-330	0	
1208	-408	18564	-550	160	-336	0	
1184	-348	18596	-573	155	-337	0	
1204	-332	18488	-562	155	-324	0	
1196	-356	18668	-596	147	-341	0	
1112	-384	18540	-560	153	-347	0	
1224	-344	18500	-559	163	-319	0	
1152	-292	18460	-571	147	-340	0	
1128	-356	18592	-567	149	-318	0	
1136	-360	18572	-593	167	-327	0	
1196	-376	18500	-576	157	-348	0	
1128	-424	18528	-584	146	-344	0	
1092	-360	18408	-562	143	-328	0	
1140	-352	18568	-575	164	-340	0	
1124	-392	18664	-594	159	-320	0	
1236	-348	18516	-570	121	-345	0	
1112	-224	18452	-574	151	-347	0	
1284	-420	18304	-572	147	-346	0	
1168	-428	18556	-575	147	-335	0	
1064	-336	18540	-546	134	-327	0	
1164	-412	18536	-574	163	-326	0	
1220	-348	18432	-585	143	-337	0	
1132	-256	18408	-567	160	-326	0	
1168	-300	18396	-577	158	-337	0	
1032	-360	18452	-567	116	-341	0	
1272	-260	18336	-568	153	-308	0	
1092	-348	18568	-556	154	-351	0	
1124	-396	18444	-577	175	-326	0	
1200	-320	18608	-555	150	-354	0	
1148	-292	18444	-561	173	-355	0	
1132	-396	18320	-566	164	-329	0	
1184	-344	18480	-581	161	-342	0	
1124	-372	18396	-582	140	-324	0	
1204	-440	18952	-394	251	-316	0	
1032	-288	18396	-343	341	-359	0	
1156	-324	18456	-428	266	-338	0	
1228	-400	18464	-520	184	-362	0	
1540	-752	19688	-228	392	-359	0	
1168	-204	18212	-530	180	-369	0	
4584	908	18724	-273	430	-2385	0	
5172	-136	17328	-1078	213	-8522	0	
2308	-2084	19792	-1070	297	-12473	0	
-2108	-1720	18368	1316	1040	-5685	0	
20	1124	14692	-2298	-415	-4386	0	
-2872	-1280	26556	-1989	-1356	-2728	0	
1280	580	15948	-1239	-190	-1418	0	
1580	-232	18360	-574	191	-1863	0	
1160	-680	18772	-907	-25	-2650	0	
564	-204	18244	-1262	-482	-881	0	
1580	-224	18280	-1919	-1023	-1770	0	
400	876	17116	-1144	-289	-2564	0	
1424	-576	18772	-708	176	-3871	0	
-156	-980	18412	-834	153	-3279	0	
1168	-304	18408	-711	130	-1346	0	
1228	-1172	18372	-835	274	-1947	0	
1400	-1392	17984	-1456	731	-2995	0	
1756	-1012	17116	-4814	3797	-3186	0	
1980	-1536	17528	-4752	-2831	-2333	0	
1244	-636	18732	-6463	-990	-2266	0	
700	52	18864	-8113	-798	-2577	0	
1000	-124	19388	-8802	-547	-2603	0	
1272	-900	18636	-8763	-219	-1909	0	
1452	-1528	17920	-7941	-143	-1259	0	
1016	-2304	18280	-6921	-464	-934	0	
1108	-2368	17796	-5613	-58	-1109	0	
1380	-2544	18080	-4142	-58	-458	0	
988	-2676	18100	-3053	-92	817	0	
1200	-2716	17888	-2822	-71	1211	0	
1488	-2988	18668	-2886	-223	882	0	
964	-2776	17968	-3389	188	264	0	
832	-2960	18428	-3509	-279	-49	0	
1096	-2532	18012	-3599	-57	190	0	
820	-2392	18092	-3442	-165	722	0	
1644	-2592	18668	-3664	-136	1113	0	
1268	-2380	18460	-4193	-434	770	0	
1420	-1708	18196	-4372	60	-378	0	
1304	-2212	18596	-4336	34	-1077	0	
1456	-2448	18288	-3936	26	-1136	0	
1500	-2772	17976	-3209	87	-604	0	
1360	-3204	18140	-2134	-198	273	0	
1408	-3148	17856	-749	-401	626	0	
1344	-3340	17740	409	-76	476	0	
1196	-3564	17556	1778	232	-73	0	
1136	-3796	17700	3286	610	-563	0	
1252	-3624	17820	5086	745	-913	0	
1136	-3388	17672	7038	725	-1185	0	
1132	-2948	17944	8457	1148	-1432	0	
1232	-2336	18072	9356	785	-1448	0	
1092	-2052	18360	9529	916	-1429	0	
1200	-1784	18408	9582	900	-1434	0	
1080	-1396	18404	9560	967	-1547	0	
1128	-1308	18736	9402	1086	-1783	0	
1076	-968	18520	9070	1248	-1968	0	
-260	-648	21924	9309	-109	-1888	0	
5648	1244	8536	5369	-4312	-1717	0	
1828	224	20464	-1298	1148	-593	0	
1276	528	17912	-542	247	-1047	0	
860	384	18948	-561	187	-1406	0	
660	120	18524	-326	474	-602	0	
700	-636	18512	-78	571	405	0	
1012	-824	18152	-205	506	1316	0	
1372	-816	18328	-377	255	1169	0	
1660	-936	18408	-442	184	1021	0	
1132	-300	18344	-396	292	848	0	
880	-312	18396	-211	338	1112	0	
1112	-256	18392	-690	21	1377	0	
828	-40	18120	-845	-114	1464	0	
852	-72	18508	-1264	-584	1717	0	
3176	-2000	17060	-1734	-238	3103	0	
2724	-240	17888	-652	172	926	0	
1148	-620	18408	-641	138	-410	0	
1148	-1520	18460	-761	237	-458	0	
992	-980	18568	-489	114	499	0	
832	-416	17916	-627	215	1305	0	
1152	64	18740	-545	163	1692	0	
1240	292	18280	-562	217	1445	0	
1216	324	18692	-642	257	2413	0	
1520	208	17968	-1212	658	1414	0	
1800	560	17512	-3362	2558	-6	0	
-1100	-1872	25920	-4895	3442	50	0	
1844	-728	17740	-3821	-356	-354	0	
816	-288	19048	-5316	-308	-326	0	
1028	-300	19136	-7232	-524	-172	0	
1076	-932	18976	-8624	-629	-149	0	
1172	-1328	18736	-9048	-492	-17	0	
1204	-1616	18348	-9111	-460	44	0	
980	-1776	18576	-9324	-474	94	0	
1028	-2360	18608	-9474	-546	-277	0	
1228	-2412	18272	-9240	-386	-715	0	
1216	-2672	18160	-8806	-240	-785	0	
1320	-2884	18172	-8120	-317	-465	0	
1240	-3480	18056	-7302	-447	16	0	
904	-4088	17992	-5881	-1130	424	0	
1020	-4336	18200	-3684	-2144	784	0	
1148	-4104	17708	-1352	-2859	969	0	
1424	-3832	17332	1234	-2796	788	0	
1880	-3292	16408	3416	-1145	155	0	
2184	-3140	15972	5073	1976	-750	0	
1772	-3748	16264	6965	4977	-1434	0	
1560	-3312	16616	9174	7193	-1832	0	
2068	-2896	18400	14429	-2412	-950	0	
1096	-1812	19072	11225	3524	-1124	0	
2052	-1016	16752	11115	2041	-746	0	
1780	-272	17860	10171	1360	-505	0	
1192	-696	18416	8503	1030	-575	0	
1120	-728	18724	7762	1140	-539	0	
-7164	-216	32767	7011	-3211	-575	0	
4852	5580	14204	-349	486	-495	0	
1320	-516	19576	-564	270	-455	0	
1148	-248	18636	-579	213	-385	0	
1068	-704	18464	-583	135	47	0	
1768	-1088	18448	-692	195	-296	0	
1496	48	17936	-1265	504	-255	0	
3456	2272	14768	-7313	6020	210	0	
2328	1148	15388	-12990	1966	1190	0	
504	532	20972	-17908	-1449	1407	0	
948	-1444	19464	-21756	-1387	1747	0	
1136	-4780	18672	-24489	-1625	2354	0	
1132	-6728	18116	-24968	-2172	1881	0	
492	-7824	18036	-22449	-4911	876	0	
280	-7408	18264	-16982	-9365	154	0	
584	-6384	17128	-10598	-12481	-564	0	
1348	-4876	15872	-6237	-12340	-508	0	
2488	-3100	15380	-3747	-8358	-296	0	
2392	-1352	14508	-1762	-2944	-99	0	
4324	-1596	14788	269	2945	108	0	
5552	-2600	15468	2201	8081	-772	0	
2828	-4248	15960	4678	11194	-1468	0	
1616	-5024	17320	8825	11680	-1553	0	
820	-4516	17616	12523	11006	-2361	0	
800	-3908	17684	14747	10646	-2783	0	
280	-4860	20820	20210	-3000	-2646	0	
2612	-1236	15376	16143	4839	-2468	0	
1076	-1484	16952	17834	-351	-2307	0	
-24	-1652	21784	16673	382	-1955	0	
912	-752	20244	15047	1042	-1211	0	
928	320	18944	14202	1556	-973	0	
492	-24	21864	13740	-1132	-1207	0	
15564	-1024	30336	-810	5620	194	0	
1780	2452	15776	26	1217	-1824	0	
-324	2120	16260	907	1253	-936	0	
-24	-400	20476	-555	324	1375	0	
-488	-648	18140	-628	-96	3555	0	
608	-1908	17428	-925	-457	4926	0	
1068	-2416	18272	-2129	-1834	4934	0	
4704	-4356	21556	-217	-87	3269	0	
5536	-3364	17728	-1637	878	629	0	
3380	2628	14704	-9083	7581	474	0	
-928	-864	30644	-11985	-1303	2033	0	
1080	128	19784	-16751	-1599	2195	0	
1144	-1100	18404	-17373	-1175	1802	0	
1284	-2540	18540	-17007	-1156	2012	0	
1164	-3088	17992	-16061	-1127	2156	0	
1040	-3628	17576	-14054	-1269	1786	0	
852	-4660	17548	-11360	-1477	916	0	
668	-5028	17600	-7784	-2277	-12	0	
1280	-4804	17448	-4127	-2777	-564	0	
1556	-4016	16488	-1226	-1878	-125	0	
2344	-3040	16148	516	753	147	0	
2148	-3496	16260	1588	3660	-21	0	
1272	-3948	17796	3383	4596	598	0	
-624	-4400	20764	8356	-2220	715	0	
1368	-3200	16312	10021	-789	219	0	
1764	-3124	16200	10576	2989	-822	0	
-1472	-4704	21748	13321	-275	-2180	0	
1844	-2800	17100	12876	2603	-2738	0	
2280	-2268	16916	13636	1485	-2516	0	
1648	-1144	18320	13350	1491	-2277	0	
1152	-972	18296	12684	1500	-2243	0	
-676	-96	22036	12474	-718	-1971	0	
-4636	3620	2872	-4270	4639	-278	0	
172	-3884	28276	-175	154	-367	0	
1440	-456	18048	-520	232	-315	0	
456	212	18604	-615	47	115	0	
1168	28	18724	-645	87	1148	0	
2404	-180	17612	-1500	708	1499	0	
3036	660	15732	-7592	6268	654	0	
188	576	19552	-9869	1055	572	0	
732	-160	19672	-14026	-1395	263	0	
1496	-1040	18516	-16084	-1010	659	0	
1356	-1940	18296	-16095	-951	1412	0	
1216	-2620	18300	-15881	-970	1745	0	
968	-3520	17756	-15272	-1076	1993	0	
1016	-4552	17584	-13781	-1261	1765	0	
800	-5244	17492	-11055	-1586	975	0	
544	-5048	17272	-7244	-2564	-70	0	
944	-5184	17204	-3330	-3010	-314	0	
1348	-4676	16564	740	-2878	-511	0	
2072	-3220	15516	4236	-773	-1405	0	
2932	-2628	15160	6294	3577	-2692	0	
2064	-3668	15820	8199	7302	-2695	0	
-4736	-4828	30952	13938	3594	-2292	0	
3380	-2744	14132	15370	1420	-2314	0	
-2976	-3200	25744	17375	-949	-2542	0	
-116	-2172	20960	16802	3035	-3404	0	
616	-864	19748	16864	2423	-3524	0	
-264	-408	26596	15992	1161	-2929	0	
-6708	4352	3060	-3730	-64	492	0	
-340	-1800	25204	-210	632	21	0	
80	1068	18272	-104	629	623	0	
-280	984	18880	304	833	1667	0	
-112	276	18080	-1339	-823	2736	0	
1920	-540	15456	129	361	2930	0	
3236	-2244	17696	-857	171	1907	0	
2372	780	15552	-4314	3253	97	0	
-8156	932	16796	-8515	-5747	1970	0	
1440	-176	20216	-14327	-1260	1787	0	
1092	-176	18900	-16657	-1275	2084	0	
1368	-1448	18372	-16759	-984	2510	0	
1248	-2452	18316	-16843	-1134	2792	0	
1076	-3656	17876	-16268	-1223	2461	0	
996	-4476	17720	-14268	-1284	1779	0	
780	-5276	17092	-11361	-1226	820	0	
648	-5652	17272	-7618	-1702	-97	0	
692	-5116	17052	-3386	-2267	-936	0	
1324	-3952	16360	-167	-1285	-963	0	
2408	-2852	16244	2819	1206	-2139	0	
1772	-4212	16384	5740	3308	-1899	0	
1472	-4248	16508	9653	4216	-1674	0	
-500	-4016	20956	14690	-826	-1306	0	
1484	-2840	17184	14262	2750	-1880	0	
1904	-2496	16620	15219	1350	-2295	0	
1432	-2120	17780	15871	1130	-2728	0	
1212	-1288	18596	15589	1528	-2930	0	
1360	-432	18824	14223	1865	-2751	0	
-9528	3456	32767	12340	-5341	-1640	0	
5192	-3008	32767	972	2681	-1695	0	
1244	660	15268	-694	419	-128	0	
572	-192	18788	-451	254	314	0	
924	-104	18484	-638	104	1129	0	
1168	232	18232	-653	112	2066	0	
2732	272	17296	-1749	921	3302	0	
3336	1728	15224	-10038	8469	2477	0	
-1908	1020	19392	-11652	-2254	2644	0	
1076	-764	19220	-16279	-1339	1529	0	
1260	-1520	18572	-17890	-1106	1286	0	
1204	-2408	18500	-18297	-1052	1811	0	
1244	-3452	17956	-18182	-1166	2433	0	
968	-4716	17504	-16770	-1450	3114	0	
1004	-5976	16752	-13923	-1661	2751	0	
856	-6716	17212	-9516	-2322	1609	0	
544	-5864	16952	-4661	-3504	544	0	
1392	-3952	16156	-827	-2544	4	0	
2256	-2532	15888	1551	1084	-1000	0	
2824	-2556	16104	3730	4966	-2752	0	
1256	-4432	17348	6820	6557	-2314	0	
1880	-4608	15368	13772	-1836	-2058	0	
1988	-3444	14644	14671	3396	-3133	0	
-1072	-3556	21296	19304	-670	-3561	0	
-296	-2552	21400	19098	2575	-4201	0	
1028	-1536	19988	18878	2305	-4291	0	
1056	-96	19888	16943	1956	-3952	0	
-16132	6004	32767	15042	-15074	-1468	0	
-5776	-1492	32767	1255	-3832	-2563	0	
644	1668	16764	-546	595	-511	0	
276	560	18924	-248	313	658	0	
-76	-32	18452	-839	-201	1939	0	
1320	-1472	17980	-832	63	2819	0	
3416	-2420	18072	-787	226	1688	0	
2464	868	15804	-3908	2868	-65	0	
-7644	2068	13096	-9131	-6853	1955	0	
844	500	20728	-17017	-1310	2032	0	
880	-72	18804	-20318	-1450	2641	0	
1372	-1432	18544	-20902	-1285	3340	0	
1096	-3288	17972	-20780	-1636	3787	0	
1004	-4460	17492	-18805	-1702	3214	0	
808	-5732	17008	-14931	-1808	2006	0	
400	-6928	17480	-9550	-3398	738	0	
616	-6436	16988	-3186	-5228	-239	0	
1544	-4824	15628	2187	-4378	-588	0	
3156	-3132	14760	5993	-296	-1698	0	
2604	-4264	14204	8922	5269	-2605	0	
1884	-4548	15220	13089	8861	-2728	0	
-4524	-5808	31880	20330	5746	-3073	0	
4012	-2176	12124	20721	3938	-3978	0	
4060	-1696	12908	21084	638	-4269	0	
3256	-616	15740	19147	1918	-4190	0	
-628	-84	26500	18179	570	-3193	0	
-3960	6020	6820	-2977	-3823	8	0	
48	-836	23648	-256	-433	-96	0	
1012	300	18904	684	1418	392	0	
-752	1652	16696	-807	-41	1148	0	
-660	328	18060	-2061	-1440	3366	0	
3256	-1864	20768	-659	54	4558	0	
4280	-2660	17452	-1215	567	2677	0	
2092	240	16836	-6148	4881	-133	0	
3240	644	9276	-9129	3022	-592	0	
900	184	20040	-12748	-1311	-315	0	
1436	-1000	18232	-14473	-1006	184	0	
1172	-2104	17988	-13278	-755	565	0	
1300	-2704	17752	-11422	-632	1173	0	
1260	-3112	17764	-9120	-596	1419	0	
1120	-3256	17252	-6298	-369	899	0	
1016	-3552	17460	-3180	-47	-214	0	
956	-3920	17192	-30	257	-1451	0	
1104	-3684	17040	3582	730	-2186	0	
1284	-3264	17452	7138	887	-2322	0	
1156	-2676	17776	9966	1055	-2270	0	
1216	-2336	17760	12144	1047	-2175	0	
1224	-2004	18308	14068	1277	-2337	0	
1084	-1260	18612	14563	1748	-2739	0	
344	360	20740	13925	-1109	-2612	0	
-2676	3500	5344	-3981	634	-549	0	
1140	-3736	29068	-48	-495	-233	0	
1004	-40	18080	-513	318	-66	0	
516	408	18428	-608	60	715	0	
1684	-268	18464	-794	154	1846	0	
3016	-916	17480	-1852	1173	1218	0	
2056	1284	17044	-7236	5889	123	0	
-2140	-1688	28104	-6818	-349	-65	0	
1556	212	18040	-9997	-718	-82	0	
1152	-1272	18544	-11045	-731	-10	0	
1216	-1944	18068	-9543	-436	99	0	
1120	-2136	18100	-7913	-344	297	0	
1112	-2580	17588	-5732	-249	348	0	
1032	-2992	17336	-2508	-31	-49	0	
1108	-3088	17364	1063	209	-620	0	
996	-2864	17832	3926	476	-1304	0	
1028	-2628	17812	5959	706	-2136	0	
924	-2020	17752	7629	833	-2509	0	
1108	-1368	18356	8823	1065	-2580	0	
1032	-812	18468	9138	1125	-2451	0	
528	-532	20752	8770	1104	-2237	0	
876	340	22136	6124	-9223	-828	0	
4452	1244	12076	850	-489	-534	0	
1128	-28	18448	-582	292	-299	0	
1144	-284	18348	-640	151	-275	0	
1204	-384	18452	-887	357	-183	0	
1408	-156	18140	-1445	828	-260	0	
1616	-76	17936	-3126	2352	-148	0	
792	-948	18896	-4208	3263	-420	0	
776	-1524	18064	-1550	-187	-1558	0	
744	-616	18884	-2397	142	-2501	0	
1224	-348	18320	-2250	177	-1954	0	
1316	-236	18396	-987	183	-653	0	
992	-1036	18272	-125	168	-289	0	
1064	-1060	18460	700	133	-342	0	
1004	-860	18316	1665	98	-477	0	
796	-924	18932	2111	-83	-859	0	
928	-420	19104	839	-797	-404	0	
692	-776	19300	2370	-2487	-563	0	
2464	1856	14436	-524	332	-309	0	
1384	84	17964	-311	90	-226	0	
1220	-428	18564	-460	138	-214	0	
1204	-584	18664	-450	122	-345	0	
1196	-680	18904	-545	142	-345	0	
1068	-360	18320	-600	165	-340	0	
1296	-416	18408	-762	191	-331	0	
1304	-252	18080	-1253	558	-314	0	
2232	-180	16328	-4399	3417	-486	0	
-284	-1456	14712	-4877	-4382	-93	0	
496	-1824	20100	-6514	117	-1135	0	
340	-780	18960	-6414	-403	-2206	0	
1040	-1072	18340	-5131	-119	-2431	0	
1296	-1076	17752	-3266	42	-2139	0	
1400	-916	18032	-1500	165	-1929	0	
1216	-1496	18084	433	332	-1844	0	
-6836	-3368	29432	882	-18	130	0	
-2464	-5168	23000	4710	-395	-695	0	
88	-3948	20552	7982	1332	-2356	0	
1588	-200	17872	8562	-1	-2531	0	
12980	5760	-2164	2076	2013	-2555	0	
2412	268	21284	-691	-192	-3668	0	
728	-296	18472	-536	300	-3937	0	
392	-196	18800	-228	523	-1937	0	
960	4	18608	417	1175	-1165	0	
740	-12	18136	-660	74	-912	0	
948	-140	18620	-565	134	-781	0	
1304	-536	18612	-588	194	-745	0	
796	-808	18208	-782	-25	-397	0	
1040	-928	18496	-997	-290	-145	0	
1176	-524	18572	-1158	-430	73	0	
1960	-1328	19556	-444	203	29	0	
1340	-524	18388	-543	152	-258	0	
1124	-348	18552	-598	132	-336	0	
1288	-328	18456	-565	162	-340	0	
1140	-380	18556	-567	138	-359	0	
1284	-444	18528	-557	151	-364	0	
1156	-412	18452	-542	157	-334	0	
1240	-320	18644	-567	135	-339	0	
1276	-424	18472	-560	156	-333	0	
1176	-288	18516	-564	133	-264	0	
1240	-420	18396	-573	153	-210	0	
1296	-528	18476	-570	145	-250	0	
1172	-376	18396	-565	135	-320	0	
1252	-336	18552	-600	150	-351	0	
1272	-384	18368	-568	168	-339	0	
1188	-504	18520	-558	149	-331	0	
1244	-332	18628	-565	169	-353	0	
1252	-304	18588	-585	143	-324	0	
1196	-456	18268	-580	150	-323	0	
1160	-332	18564	-591	157	-328	0	
1132	-416	18496	-583	147	-326	0	
1180	-320	18568	-583	178	-323	0	
1140	-464	18548	-563	166	-306	0	
1268	-396	18528	-559	150	-348	0	
1168	-384	18420	-571	150	-344	0	
1256	-352	18404	-571	165	-347	0	
1148	-384	18468	-559	149	-343	0	
1228	-424	18668	-568	171	-329	0	
992	-284	18520	-563	161	-208	0	
588	-128	18640	-519	127	911	0	
1356	-548	18360	-472	145	1354	0	
1616	-576	18432	-535	140	485	0	
1372	-408	18420	-557	129	-180	0	
1260	-496	18576	-564	155	-284	0	
1264	-340	18568	-568	152	-281	0	
1132	-400	18476	-568	142	-176	0	
752	-252	18484	-520	143	457	0	
608	-140	18480	-486	138	1597	0	
680	-196	18372	-408	134	2775	0	
1652	-660	18568	-370	194	2555	0	
1924	-784	18488	-463	164	1242	0	
1636	-580	18508	-540	143	-74	0	
1292	-444	18612	-553	153	-313	0	
1196	-364	18492	-549	191	-331	0	
1208	-324	18688	-547	156	-311	0	
1092	-224	18516	-540	145	-111	0	
1120	-396	18576	-482	198	117	0	
1096	-152	18300	-476	167	452	0	
1188	-404	18532	-521	136	446	0	
908	-344	18428	-549	102	945	0	
1132	-480	18484	-557	90	1379	0	
1568	-780	18364	-564	113	1118	0	
1216	-432	18648	-509	119	575	0	
1368	-332	18600	-548	107	328	0	
1188	-152	18252	-712	60	-327	0	
1188	-408	18444	-610	136	-350	0	
1368	-492	18636	-582	85	-428	0	
2924	-532	18604	-711	152	-2693	0	
2856	-428	18976	-893	144	-8063	0	
1840	236	17936	-1272	271	-11216	0	
796	72	18880	-1109	186	-12722	0	
-188	260	17872	-1414	365	-13363	0	
-20	-220	18348	-1317	320	-13465	0	
-188	-240	17636	-1228	179	-12419	0	
-460	-736	18228	-1365	442	-10659	0	
676	-1068	17744	-1628	814	-8083	0	
1652	-828	18384	-1998	1354	-6306	0	
1192	-868	18672	-1533	770	-4955	0	
1524	-1068	18760	-668	289	-3901	0	
1480	-796	18352	-193	-346	-3015	0	
1424	104	18404	-13	-387	-2065	0	
1396	256	18472	-68	-313	-756	0	
1108	-300	18252	-347	-64	-337	0	
1316	-260	18104	-577	175	-284	0	
1444	332	17884	-1432	915	221	0	
1780	892	17592	-3371	2688	1413	0	
-3480	1140	22288	-3004	-2390	3501	0	
1620	844	18724	-5919	216	5214	0	
1280	108	18988	-8923	-895	6050	0	
1112	-1036	18904	-10533	-1147	6331	0	
1260	-2248	18480	-11298	-906	6048	0	
864	-2396	18304	-11708	-1117	5076	0	
780	-2396	18240	-11846	-897	4038	0	
976	-2696	18340	-12111	-984	3830	0	
1180	-2976	18116	-12489	-1159	4147	0	
1016	-3452	18184	-12528	-1591	4587	0	
936	-3760	17804	-11385	-2054	3952	0	
736	-4472	17824	-9388	-2569	3129	0	
652	-5336	18004	-6454	-3866	2276	0	
708	-5396	17432	-1637	-5625	1553	0	
1720	-4996	16320	3445	-5654	1720	0	
2568	-3980	14840	7811	-3085	1515	0	
3096	-3968	14256	10962	1919	931	0	
2584	-4000	14272	13477	7532	172	0	
1896	-3844	15180	15290	12654	-901	0	
5880	-6216	23020	24444	-6916	-331	0	
3176	-2048	11936	15723	8366	-2397	0	
4076	-832	12196	15996	3845	-1888	0	
1884	1724	19584	13875	1772	-605	0	
2840	11888	-11676	-3264	3056	1388	0	
2004	3604	10756	1999	-718	2029	0	
1284	-28	19968	-1165	459	2493	0	
3008	-808	16020	-6461	5276	1125	0	
2720	132	13496	-9723	1889	-851	0	
892	272	20496	-13441	-807	-773	0	
1272	-412	19968	-17195	-1057	-96	0	
1140	-1124	19136	-20169	-927	525	0	
824	-3120	18560	-22017	-1338	1408	0	
1088	-6084	17460	-20864	-2028	1991	0	
320	-7468	17312	-16502	-4569	1900	0	
900	-6724	17800	-10918	-6999	1730	0	
1488	-3988	16552	-7523	-6735	1950	0	
2240	-2176	15236	-5858	-2821	1618	0	
2756	-2056	16172	-3724	922	582	0	
3012	-2688	16556	-601	2982	-550	0	
984	-4496	17832	4043	2321	462	0	
568	-3840	17344	10135	618	129	0	
1716	-3568	16336	13969	1694	-413	0	
1552	-3892	15636	16187	4433	-929	0	
1744	-4428	15964	18323	7461	-1597	0	
-5312	-8812	32308	23808	-1085	-3132	0	
3508	-104	14524	19816	5721	-2455	0	
2688	1252	18040	16738	3662	-725	0	
-156	1140	22788	10971	883	272	0	
-4464	1620	32512	4481	-5819	1465	0	
180	1696	19184	1527	-2612	2213	0	
2352	296	14952	-1388	964	1782	0	
2564	-1876	16856	-6825	5666	-35	0	
-1116	-1644	27084	-7601	-555	-873	0	
1744	1056	19148	-13713	-896	-6	0	
1192	-356	19860	-18522	-1130	599	0	
1336	-1788	19172	-21248	-1203	1537	0	
1128	-3264	18464	-22769	-1510	2574	0	
1044	-6148	17840	-22621	-2171	2404	0	
460	-7696	17928	-18990	-3997	1111	0	
0	-7048	17124	-12960	-8120	137	0	
772	-5340	16760	-6678	-9255	433	0	
2184	-3064	14772	-2769	-6909	542	0	
3884	-1872	14784	-106	-498	-408	0	
4940	-2540	15016	2396	4894	-1676	0	
2120	-4444	15920	6074	7881	-303	0	
1348	-4440	16812	11125	8534	-49	0	
1132	-4316	17128	14306	9253	-544	0	
-2548	-4404	20512	20082	-4639	-1307	0	
2772	-1688	15076	17922	3721	-1644	0	
132	-2468	17636	20672	-610	-2115	0	
656	-3500	21256	19572	717	-1886	0	
-11580	5976	17092	14011	-19116	2410	0	
3088	-3600	15324	15922	3588	1280	0	
29012	20760	-32768	-1209	6577	19	0	
2296	1908	9292	-238	-845	-1335	0	
352	188	20496	-166	265	-89	0	
340	-16	18820	205	767	1046	0	
292	-48	17368	-1338	-614	1545	0	
1504	-48	14268	-686	284	2254	0	
2400	-1192	17988	-1010	277	1518	0	
2884	1152	14452	-5504	4458	282	0	
10956	1808	14636	-9784	1446	655	0	
1048	-636	20484	-14942	-1116	327	0	
1380	-1504	18520	-15049	-988	945	0	
1244	-2020	18240	-14019	-722	1137	0	
836	-2652	17956	-13401	-732	631	0	
1052	-3124	17624	-12015	-594	-79	0	
1368	-3548	17228	-9541	-388	-352	0	
1272	-3580	17460	-6782	-64	-400	0	
1208	-3660	17428	-4024	-86	-379	0	
1184	-3840	17376	-1278	-3	-355	0	
1240	-3812	17404	1382	262	-365	0	
1160	-3460	17264	4275	434	-301	0	
1028	-3012	17640	6736	693	-241	0	
1056	-2540	17888	8426	587	-107	0	
944	-1736	17916	9480	725	276	0	
1276	-1572	18240	10132	656	838	0	
1016	-1520	18364	10384	593	1027	0	
1288	-2156	18636	10274	791	466	0	
1244	-2280	18976	9663	1021	-266	0	
1312	-1180	19036	7851	1007	-276	0	
1404	-156	19652	5165	795	667	0	
1240	1328	18792	2299	146	2497	0	
528	752	18976	284	-213	3626	0	
904	-4	18724	-1321	169	2682	0	
680	-1412	18636	-2771	72	819	0	
976	-2412	18288	-4066	143	-570	0	
1352	-232	18948	-5857	-335	-593	0	
932	-144	19832	-9063	-559	47	0	
1244	-324	19516	-12474	-730	292	0	
1336	-636	18808	-14708	-888	1084	0	
1088	-1824	18504	-15935	-929	1514	0	
1016	-3120	18148	-16106	-1024	1046	0	
872	-3792	17664	-14859	-848	82	0	
1052	-4264	17376	-12470	-841	-688	0	
960	-4624	17456	-9345	-1163	-1271	0	
1048	-4752	17420	-5946	-1705	-1594	0	
1384	-4584	16992	-2182	-1947	-1494	0	
1848	-4324	16604	1815	-1601	-900	0	
1936	-3952	15844	5144	481	-381	0	
1900	-3360	15716	7632	3739	-197	0	
1540	-2628	16264	9616	7188	-411	0	
1076	-3100	17484	15258	-2211	-542	0	
1716	-1588	17944	14362	3928	-1046	0	
1732	-1812	16400	16320	1621	-1213	0	
1288	-1684	17244	15793	1307	-1546	0	
1332	-1148	18628	14504	1498	-1622	0	
1212	-784	19632	13101	1679	-1360	0	
3048	2536	13620	9976	-13095	-940	0	
3440	6508	2448	-1100	1321	139	0	
148	1656	19772	-375	134	912	0	
372	-864	17828	-481	25	2663	0	
1552	-2252	18404	-254	-38	3270	0	
3168	-3260	18484	-471	-52	1610	0	
2940	-2892	18436	-675	110	-492	0	
1204	-200	18336	-905	260	-333	0	
2480	788	15980	-3553	2609	-316	0	
-17296	-1868	32767	-6959	-5415	1	0	
1076	1524	17272	-14431	-781	253	0	
1352	-680	19284	-17479	-1047	1023	0	
1320	-1788	18304	-18309	-1032	1492	0	
968	-2504	18240	-18806	-1014	1193	0	
848	-4304	17572	-18136	-1089	291	0	
732	-5532	17600	-15400	-1511	-1132	0	
576	-5780	17612	-10937	-3024	-1900	0	
824	-5100	16844	-6078	-4280	-1655	0	
1940	-3592	16144	-1779	-3275	-1112	0	
2740	-2248	15052	1230	294	-1382	0	
2852	-3756	15508	3596	4269	-1226	0	
1592	-3984	16468	7087	6125	-205	0	
872	-4264	18140	10540	6873	-128	0	
2012	-2616	14540	15042	-1422	-583	0	
820	-2292	18116	14515	3998	-1745	0	
2008	-1644	15888	16303	1916	-2139	0	
1660	-1556	16872	16740	1378	-2338	0	
1576	-1240	18232	16396	1690	-2277	0	
480	-1208	24620	15459	1551	-1918	0	
-3504	10892	-3884	-3748	7705	668	0	
376	2432	19280	-400	1462	254	0	
224	1012	17340	-522	145	1624	0	
328	-672	18596	-243	85	3328	0	
1960	-1872	18904	-1027	-221	3174	0	
3140	-2536	17960	-728	111	1528	0	
1648	-704	18108	-1015	353	-362	0	
2824	1744	15268	-4744	3643	-78	0	
4076	1236	14504	-8998	-3256	309	0	
1488	564	17468	-13762	-633	-310	0	
1284	-1440	18372	-13999	-692	132	0	
1296	-1940	18436	-13407	-524	228	0	
1252	-2364	18152	-13320	-674	536	0	
1020	-3140	17864	-12509	-770	741	0	
1164	-3808	17344	-10280	-426	296	0	
804	-4388	17388	-7499	-482	258	0	
1260	-4244	16836	-4201	-108	-164	0	
1012	-3648	17204	-1038	379	-321	0	
1428	-3020	17080	1715	636	-814	0	
1292	-2816	18088	4273	179	-1096	0	
1116	-3672	17432	6612	670	-1268	0	
1208	-3584	17252	9784	905	-1599	0	
1104	-3228	17696	12418	1101	-2138	0	
888	-2412	18208	14201	1388	-2705	0	
1088	-1924	18576	14636	1508	-2930	0	
836	-1104	18924	13583	1457	-2288	0	
-388	-596	23336	12600	-404	-1433	0	
1820	8076	-8424	-3171	7771	357	0	
808	-3160	26052	-238	455	-340	0	
1308	-352	18004	-257	432	-315	0	
892	-388	18732	300	924	-246	0	
-176	908	17548	-1584	-820	144	0	
-100	1368	13592	-1440	134	1432	0	
2708	-984	17688	-1299	556	1023	0	
3384	1336	15456	-6867	5553	52	0	
1756	2544	8624	-10737	2768	443	0	
696	104	19508	-13950	-1262	362	0	
1284	-1108	18548	-15280	-1040	894	0	
1172	-1952	18296	-15120	-789	1272	0	
1052	-2704	18060	-15142	-858	1122	0	
1072	-3184	17700	-13957	-845	703	0	
924	-4508	17320	-11529	-756	142	0	
1160	-4884	16960	-8045	-528	-340	0	
1136	-5148	16728	-4004	-460	-672	0	
1264	-4308	16408	-2	136	-972	0	
1744	-2812	16252	3368	2230	-1490	0	
1044	-3680	18592	7627	-233	-1638	0	
936	-3608	17660	10023	1042	-1416	0	
1448	-3708	16528	13833	1185	-1686	0	
960	-3084	17704	17009	1276	-2391	0	
832	-1996	18724	18267	1495	-3104	0	
1208	-548	19396	17515	1880	-3254	0	
112	1172	21516	15928	-1177	-2418	0	
4212	2828	11436	-2166	1509	361	0	
60	-724	21808	-180	-386	287	0	
1512	372	18964	967	1603	590	0	
532	476	16720	-647	69	535	0	
1228	-640	18092	-525	49	347	0	
1944	-1684	18472	-825	-49	31	0	
792	-276	18076	-1560	-814	-352	0	
1112	-600	17388	94	128	-252	0	
1216	-476	18716	-580	102	-291	0	
1192	-120	18404	-778	215	-69	0	
1292	-252	18332	-821	268	715	0	
1364	-196	18572	-800	376	804	0	
1156	-508	18376	-1126	624	524	0	
1040	-504	18684	-1059	579	-155	0	
-3136	3708	16336	-2552	748	-445	0	
1400	-124	18344	-535	64	-333	0	
1300	-464	18660	-543	181	-315	0	
1280	-540	18576	-544	157	-340	0	
1220	-280	18396	-556	185	-307	0	
1180	-416	18436	-470	222	-297	0	
916	-320	18424	-519	157	61	0	
840	-464	18640	-454	169	1026	0	
1304	-284	18408	-503	138	1211	0	
1300	-372	18540	-555	115	926	0	
1420	-364	18484	-537	151	455	0	
992	-340	18324	-521	145	559	0	
1532	4	17860	-831	-40	68	0	
940	-424	18436	-551	152	71	0	
1284	-508	18596	-553	159	-293	0	
1196	-364	18568	-536	173	-206	0	
1060	-468	18448	-554	166	-27	0	
1188	-348	18404	-575	128	-213	0	
1180	-536	18640	-589	146	-303	0	
1324	-464	18524	-553	167	-313	0	
1200	-388	18520	-565	141	-314	0	
1136	-372	18412	-585	151	-314	0	
1160	-428	18376	-564	155	-345	0	
1196	-508	18596	-567	152	-324	0	
1260	-464	18556	-558	144	-338	0	
1184	-388	18612	-575	134	-326	0	
1156	-396	18460	-581	165	-323	0	
1244	-284	18572	-578	159	-329	0	
1196	-408	18484	-550	155	-323	0	
1240	-480	18376	-571	147	-316	0	
1192	-468	18392	-570	173	-302	0	
1148	-392	18540	-580	140	-332	0	
1220	-500	18464	-572	164	-346	0	
1252	-348	18416	-555	145	-316	0	
1264	-340	18560	-563	145	-322	0	
1128	-428	18424	-586	137	-340	0	
1224	-328	18564	-569	139	-312	0	
1216	-400	18544	-591	160	-341	0	
1196	-352	18472	-575	165	-336	0	
1228	-392	18372	-569	163	-329	0	
1228	-384	18292	-582	138	-334	0	
1160	-364	18308	-577	138	-356	0	
1272	-408	18384	-562	141	-336	0	
1256	-376	18516	-566	163	-350	0	
1276	-364	18500	-567	159	-337	0	
1208	-316	18484	-573	161	-348	0	
1240	-432	18404	-569	143	-347	0	
1164	-320	18704	-570	159	-330	0	
1244	-408	18596	-568	137	-326	0	
1236	-316	18524	-566	142	-321	0	
1276	-420	18448	-556	175	-325	0	
1232	-364	18608	-571	147	-323	0	
1236	-376	18500	-567	174	-334	0	
1208	-496	18456	-567	138	-341	0	
1180	-392	18640	-571	159	-306	0	
1252	-348	18484	-566	144	-346	0	
1292	-376	18344	-577	152	-343	0	
1288	-428	18548	-574	159	-321	0	
1176	-424	18296	-572	136	-323	0	
1172	-456	18500	-581	147	-324	0	
1156	-292	18376	-574	161	-337	0	
1208	-304	18548	-557	148	-327	0	
1224	-352	18360	-550	154	-332	0	
1200	-428	18464	-574	172	-356	0	
1288	-464	18584	-554	162	-333	0	
1224	-440	18452	-589	161	-354	0	
1084	-396	18524	-570	156	-331	0	
1116	-484	18284	-557	154	-312	0	
1208	-440	18500	-547	171	-346	0	
1220	-448	18584	-583	148	-336	0	
1184	-324	18380	-574	137	-328	0	
1264	-304	18524	-572	182	-313	0	
1216	-440	18376	-560	151	-329	0	
1176	-304	18376	-546	147	-323	0	
1200	-428	18564	-558	134	-336	0	
1144	-396	18512	-578	159	-347	0	
1164	-348	18508	-569	150	-339	0	
1128	-348	18412	-566	147	-350	0	
1168	-440	18480	-595	160	-329	0	
1100	-364	18512	-576	154	-327	0	
1196	-356	18492	-529	146	-352	0	
1164	-368	18496	-574	156	-322	0	
1176	-340	18392	-577	164	-356	0	
1168	-412	18344	-580	155	-334	0	
1232	-396	18460	-564	149	-340	0	
1208	-356	18528	-586	138	-319	0	
1176	-440	18560	-578	150	-330	0	
1232	-392	18436	-553	136	-330	0	
1144	-384	18480	-570	132	-327	0	
1196	-464	18412	-572	141	-322	0	
1292	-384	18484	-569	150	-349	0	
1180	-484	18652	-572	152	-320	0	
1180	-468	18408	-583	179	-352	0	
1216	-328	18472	-578	159	-340	0	
1248	-448	18492	-567	158	-336	0	
1152	-388	18524	-579	151	-325	0	
1220	-416	18632	-581	161	-353	0	
1168	-336	18540	-570	129	-349	0	
1144	-360	18316	-598	151	-335	0	
1140	-428	18604	-581	160	-334	0	
1244	-360	18400	-574	144	-340	0	
1240	-336	18620	-582	145	-334	0	
1132	-340	18492	-575	151	-343	0	
1284	-360	18528	-580	167	-343	0	
1164	-460	18644	-580	160	-333	0	
1232	-396	18540	-574	146	-329	0	
1232	-316	18564	-556	129	-328	0	
1144	-408	18348	-582	162	-314	0	
1192	-396	18460	-588	147	-323	0	
1124	-236	18528	-565	155	-322	0	
1240	-300	18536	-575	148	-324	0	
1160	-408	18516	-575	162	-334	0	
1172	-404	18416	-581	159	-335	0	
1200	-384	18348	-569	150	-349	0	
1148	-400	18392	-564	158	-347	0	
1240	-404	18476	-570	156	-339	0	
1192	-448	18616	-560	162	-336	0	
1144	-328	18608	-583	149	-328	0	
1220	-444	18420	-576	135	-323	0	
1212	-364	18444	-570	140	-334	0	
1124	-312	18676	-571	145	-322	0	
1116	-440	18424	-573	156	-343	0	
1188	-412	18516	-574	168	-340	0	
1064	-348	18448	-577	147	-316	0	
1292	-384	18572	-570	172	-347	0	
1180	-444	18396	-578	164	-338	0	
1292	-372	18380	-587	160	-331	0	
1208	-424	18456	-558	140	-339	0	
1172	-424	18400	-570	143	-321	0	
1268	-424	18496	-571	145	-310	0	
1208	-532	18568	-571	155	-328	0	
1184	-312	18300	-570	140	-338	0	
1280	-384	18500	-581	131	-339	0	
1224	-384	18420	-585	150	-326	0	
1144	-456	18520	-579	146	-354	0	
1312	-476	18488	-571	150	-350	0	
1212	-356	18364	-568	157	-345	0	
1228	-444	18608	-563	132	-335	0	
1112	-368	18452	-576	149	-350	0	
1248	-436	18476	-567	176	-337	0	
1216	-424	18464	-552	145	-341	0	
1072	-396	18592	-591	149	-334	0	
1224	-384	18496	-574	159	-356	0	
1200	-372	18528	-553	137	-332	0	
1160	-444	18500	-553	177	-338	0	
1272	-468	18532	-598	151	-339	0	
1180	-368	18604	-557	157	-340	0	
1192	-448	18576	-558	161	-358	0	
1168	-368	18508	-594	161	-338	0	
1132	-352	18412	-574	147	-333	0	
1244	-352	18404	-579	152	-325	0	
1220	-468	18432	-563	130	-332	0	
1244	-412	18456	-570	150	-324	0	
1224	-476	18476	-570	153	-335	0	
1152	-424	18452	-587	148	-341	0	
1188	-404	18352	-577	164	-325	0	
1144	-360	18408	-582	154	-332	0	
1240	-340	18436	-573	141	-362	0	
1256	-348	18636	-564	150	-340	0	
1060	-420	18532	-567	158	-329	0	
1092	-364	18388	-587	152	-325	0	
1216	-420	18372	-584	165	-327	0	
1132	-404	18516	-572	173	-341	0	
1176	-488	18388	-567	155	-312	0	
1204	-340	18512	-564	139	-313	0	
1220	-424	18512	-568	141	-355	0	
1248	-368	18508	-580	145	-335	0	
1236	-332	18508	-603	167	-339	0	
1288	-340	18580	-565	151	-330	0	
1132	-396	18504	-578	155	-323	0	
1316	-352	18556	-588	139	-341	0	
1148	-456	18440	-582	139	-315	0	
1244	-392	18524	-592	127	-345	0	
1172	-388	18688	-572	137	-354	0	
1196	-448	18484	-585	159	-329	0	
1256	-404	18508	-584	151	-346	0	
1240	-476	18476	-566	183	-334	0	
1168	-416	18648	-576	150	-344	0	
1176	-352	18320	-572	150	-342	0	
1216	-416	18496	-567	148	-326	0	
1164	-400	18392	-584	170	-332	0	
1280	-412	18504	-578	144	-337	0	
1244	-364	18500	-552	158	-331	0	
1220	-444	18464	-577	135	-320	0	
1144	-384	18516	-598	153	-328	0	
1172	-424	18368	-562	167	-332	0	
1196	-452	18600	-569	121	-330	0	
1164	-456	18404	-567	139	-348	0	
1232	-384	18464	-558	140	-340	0	
1288	-400	18568	-577	137	-359	0	
1196	-408	18564	-582	146	-347	0	
1224	-432	18640	-568	147	-328	0	
1196	-416	18556	-553	161	-334	0	
1196	-352	18540	-573	159	-344	0	
1236	-360	18416	-555	151	-359	0	
1128	-420	18488	-565	140	-334	0	
1052	-436	18596	-541	167	-358	0	
1280	-432	18620	-569	150	-342	0	
1248	-396	18428	-574	153	-331	0	
1196	-332	18452	-576	171	-357	0	
1228	-524	18540	-586	170	-326	0	
1248	-476	18448	-575	151	-341	0	
1152	-360	18416	-568	156	-335	0	
1204	-304	18564	-590	150	-310	0	
1076	-512	18508	-569	154	-320	0	
1220	-436	18408	-578	149	-347	0	
1184	-452	18488	-575	164	-359	0	
1172	-392	18592	-574	165	-330	0	
1204	-464	18596	-570	143	-315	0	
1260	-440	18396	-553	154	-349	0	
1248	-348	18428	-557	163	-333	0	
1156	-392	18532	-565	143	-348	0	
1252	-424	18576	-559	169	-331	0	
1264	-476	18468	-590	145	-337	0	
1168	-360	18320	-549	179	-331	0	
1060	-292	18496	-604	124	-346	0	
1300	-396	18540	-534	168	-368	0	
1124	-300	18532	-567	169	-351	0	
1216	-480	18492	-565	142	-324	0	
1104	-340	18544	-551	140	-339	0	
1184	-396	18456	-570	155	-338	0	
1140	-360	18392	-596	167	-322	0	
1284	-528	18560	-552	169	-326	0	
1260	-412	18512	-532	188	-335	0	
1196	-460	18472	-492	208	-343	0	
1276	-428	18472	-545	169	-332	0	
1168	-404	18472	-509	243	-325	0	
1160	-396	18496	-312	393	-335	0	
1200	-312	18420	-461	242	-334	0	
1076	-452	19216	538	1219	-366	0	
1092	-396	18560	-680	105	-352	0	
1192	-324	18272	-429	315	-334	0	
1144	-280	18456	-263	422	-325	0	
816	-176	18656	-227	488	-173	0	
756	-180	18400	-517	180	212	0	
1524	-460	18560	-508	214	191	0	
1472	-488	18480	-509	188	-253	0	
984	-276	18328	-674	-29	-329	0	
1496	-520	19176	-812	-83	-327	0	
1084	-284	18548	-705	-13	-317	0	
1148	-380	18588	-596	113	-325	0	
1120	-408	18420	-586	119	-325	0	
1216	-324	18524	-534	187	-316	0	
748	116	18632	-291	415	415	0	
1640	732	18544	-377	95	3748	0	
3704	-840	18936	-549	-14	3686	0	
2452	-1568	18652	-600	173	-2652	0	
392	188	18140	-733	143	-4089	0	
804	516	18600	-709	110	-4131	0	
1312	768	18944	-916	-40	-3576	0	
3124	-1356	18364	-968	722	-3326	0	
3864	-1236	17280	-2767	3103	-6373	0	
2676	-3024	18444	-5494	7721	-7371	0	
-816	-4668	25724	-1109	6550	-5479	0	
1060	-1992	19012	100	7652	-3823	0	
1056	2320	18336	442	5580	-4504	0	
-640	2532	18984	-1241	5268	-5536	0	
-3564	-2040	20576	-2327	4163	-3022	0	
-3180	-1436	21540	-528	3073	794	0	
332	852	21180	2672	4641	294	0	
2312	1748	20944	3833	7576	-2832	0	
1160	264	21468	4483	9139	-5393	0	
-1364	-860	21460	6232	8456	-5466	0	
-2016	-40	20556	7447	7325	-4240	0	
-496	1196	19156	7659	8090	-4642	0	
648	1796	19240	6782	10417	-6083	0	
-828	1000	19212	6519	11691	-7127	0	
-1956	-1164	17952	6733	16749	-6710	0	
-1484	28	17236	6874	23144	-7102	0	
-4848	1768	18120	7478	22917	-8277	0	
-6532	2560	17756	6387	21118	-5608	0	
-5576	2516	18492	5517	17252	-3312	0	
-4372	700	19504	5210	12955	-5215	0	
-4236	-1264	18752	6992	12770	-6691	0	
-2076	-1924	11568	7400	22320	-6724	0	
-660	936	16828	6370	32767	-9222	0	
-7880	100	19912	13503	30020	-11851	0	
-11132	1700	12772	14013	16614	-7429	0	
-10440	4568	10336	9222	12614	-4706	0	
-9864	4700	11116	4626	6045	-4549	0	
-10316	3136	12128	1453	-2751	-3366	0	
-9336	1268	12676	-250	-7158	-25	0	
-8316	2552	13500	-1751	-6726	1311	0	
-8096	3268	15652	-2250	-7611	2146	0	
-7404	3168	15648	-2545	-4876	2643	0	
-7780	2652	17404	-826	2181	2807	0	
-9256	2732	18276	1295	5888	3186	0	
-10800	1916	19092	3237	2957	3908	0	
-8928	1328	17788	4233	-2496	4448	0	
-7072	1900	16932	5656	-4727	4845	0	
-7184	2620	16056	6587	-7988	4372	0	
-8752	3432	15548	6496	-12613	5418	0	
-9368	4368	16004	6401	-18822	8718	0	
-4880	3640	11276	4972	-17828	7529	0	
-3440	3976	11460	2932	-5986	3308	0	
-5460	4348	14480	1711	1343	359	0	
-6520	3628	16480	2135	2637	-878	0	
-6644	4400	17628	3433	1537	305	0	
-7076	4728	18356	4299	-893	1347	0	
-8548	4740	18432	5844	-5802	3936	0	
-13576	2680	18716	6792	-13868	7440	0	
-7332	6260	17980	9205	-22092	15351	0	
500	4976	12328	8297	-16394	9298	0	
-5248	5848	14032	6700	-9327	6242	0	
-9432	4428	14936	5677	-8025	5565	0	
-3832	5244	16036	7391	-8672	6839	0	
-264	6456	13516	6242	-7131	2637	0	
-2400	6964	13668	4063	-8181	1997	0	
-4644	7956	15532	1805	-13925	3609	0	
-5964	6932	17008	927	-22320	6941	0	
-4400	6028	16276	1784	-27073	9191	0	
-2676	6324	14584	2373	-30444	9976	0	
-796	6504	12236	807	-30558	10489	0	
1032	5836	11584	-2017	-28064	9843	0	
2064	6436	12616	-4005	-24870	9069	0	
3032	6816	13764	-4971	-24114	8278	0	
3288	6524	14972	-5541	-24320	7650	0	
3000	5960	14704	-5286	-25189	8300	0	
3148	5400	14016	-5856	-25300	9176	0	
4540	5724	12244	-7333	-26996	10300	0	
8268	6484	11876	-10958	-25077	10987	0	
11164	6628	13888	-13595	-21655	9646	0	
12788	5584	17048	-14420	-16565	6118	0	
9696	4716	18664	-12071	-15695	5742	0	
10844	3096	20036	-8790	-14710	3132	0	
8056	2256	17524	-5020	-12970	2156	0	
2800	1000	14560	-4137	-10479	4486	0	
8644	4524	10624	-6028	-9153	7984	0	
12664	4064	7940	-9577	-5667	6466	0	
12720	4764	10324	-14035	-1449	4074	0	
12344	4780	14012	-17778	-1798	3018	0	
10712	3704	17344	-19327	-2952	3903	0	
10080	-100	19688	-15928	-800	3175	0	
11068	624	19096	-11304	3121	1992	0	
8392	100	18004	-7617	4554	772	0	
6020	1524	14792	-7979	3372	2408	0	
7292	688	13516	-9115	3980	4080	0	
8412	612	12860	-11592	5896	3846	0	
10716	792	15480	-13176	9472	3035	0	
8512	-132	17276	-13414	9665	1967	0	
8740	-832	17952	-12387	9730	1989	0	
7520	-1704	17132	-10809	10518	1533	0	
7100	-1720	16616	-9120	12931	1417	0	
6668	-1720	15144	-8748	13728	1122	0	
6276	-1508	15040	-10852	12478	1779	0	
7200	-2024	16196	-12193	12172	2520	0	
8764	-1796	17356	-12015	13923	1822	0	
8604	-1896	18920	-11650	15604	494	0	
7420	-1796	19988	-10331	16018	-464	0	
5500	-2620	20804	-8193	16534	-749	0	
4044	-3224	20796	-5637	16220	-447	0	
3920	-3940	19800	-3511	16260	92	0	
3396	-2908	19244	-2535	15366	117	0	
4040	-1832	19220	-2957	14523	741	0	
5100	-2444	19712	-2639	15463	278	0	
4484	-2952	20300	-1159	17289	-754	0	
2860	-3092	20184	737	17543	-641	0	
2604	-3836	18804	1783	18148	142	0	
2852	-3332	17800	1936	19669	111	0	
2540	-2644	17444	1635	20431	92	0	
1788	-2676	17988	687	20322	103	0	
256	-2656	19408	1027	17993	-239	0	
-664	-3120	19076	2353	17580	-493	0	
-1548	-3164	18248	3175	19382	-11	0	
-1844	-2896	17724	3087	20491	812	0	
-1560	-1928	18232	2663	19289	1380	0	
-296	-1836	19088	2333	19772	1043	0	
-748	-2752	20392	3340	21661	543	0	
-2228	-2740	21088	6105	21077	-517	0	
-6048	-2652	20856	8592	17993	47	0	
-6180	-1348	18180	9580	11296	1422	0	
-6172	-200	16256	8033	7782	1969	0	
-5280	-676	16384	6123	7861	1811	0	
-4596	-1032	17956	5623	7736	1262	0	
-2768	-1372	17900	6418	9595	221	0	
-3200	-1276	18412	7593	12788	-1737	0	
-5544	-440	19704	8762	13573	-2465	0	
-8112	-716	20356	10812	11285	-1538	0	
-8836	-1164	19172	13323	6831	-307	0	
-8032	-524	16584	13439	3082	471	0	
-7396	1492	15720	11072	833	763	0	
-6908	1348	16340	9382	-895	656	0	
-5684	-120	15992	9339	383	421	0	
-5128	1140	16424	9397	2204	-202	0	
-5912	2036	17804	9082	2659	-1127	0	
-8320	1312	19836	11041	528	-1371	0	
-9668	480	19780	13745	-3645	474	0	
-10248	1160	18436	14957	-10573	3454	0	
-7380	2656	15776	14340	-17149	5992	0	
-4392	3932	14324	11755	-16355	5090	0	
-4852	3360	15224	10379	-15937	2834	0	
-5512	2684	14844	9827	-16067	2624	0	
-4132	3376	14140	8929	-14772	3171	0	
-3592	4824	13912	7153	-13450	2257	0	
-4160	5232	14996	5458	-13620	1953	0	
-4264	4596	15352	4986	-14465	2440	0	
-4160	5016	15356	4805	-16816	2802	0	
-4524	5864	14244	2958	-22480	4007	0	
-2484	6152	13884	-693	-24551	5517	0	
-1372	5648	16004	-2410	-23499	6250	0	
-1008	4732	17700	-2030	-23152	6014	0	
-192	4836	17804	-854	-22900	6266	0	
1960	4752	15776	174	-20345	6347	0	
1776	5416	15124	-759	-19194	6156	0	
496	5496	14168	-2297	-21826	6568	0	
880	5024	13312	-5166	-22836	8251	0	
2024	4836	14092	-8285	-22981	10008	0	
3456	4016	14824	-9871	-23505	11592	0	
4612	3728	14620	-10637	-24673	12329	0	
6420	3060	14244	-12235	-25192	13002	0	
9820	2740	14244	-13603	-20742	11695	0	
11648	2608	15480	-13755	-13196	7872	0	
9496	1804	17436	-12587	-7779	3719	0	
6724	1316	17044	-10800	-6620	2588	0	
6012	904	14992	-10354	-5471	3330	0	
5964	1284	13764	-11670	-3819	4887	0	
6288	1544	14212	-14137	-3372	6993	0	
6820	1412	14904	-16384	-4998	8577	0	
8344	652	15804	-18005	-5852	10407	0	
9956	-604	17628	-19143	-6100	10274	0	
10388	-2512	19364	-18013	-5266	8374	0	
10500	-3224	19868	-13214	-268	5976	0	
10024	-3148	19204	-7986	4621	3624	0	
8360	-1912	16468	-6012	6503	2504	0	
7900	-1124	15552	-7880	7042	3579	0	
9540	-1652	17400	-9769	6866	4154	0	
10728	-2248	18184	-8719	8999	2754	0	
9160	-2664	18776	-6775	10867	1042	0	
6376	-2580	18592	-5373	11032	998	0	
5776	-3104	17524	-4972	11111	1989	0	
6720	-3216	17432	-5092	12159	2590	0	
7920	-3024	17432	-4714	14802	1984	0	
7696	-3104	17440	-3768	19113	135	0	
5496	-2724	18520	-3401	21107	-601	0	
3416	-3724	19544	-3132	20054	-202	0	
3140	-4396	19508	-1690	19891	477	0	
3544	-4428	17580	-194	22317	1817	0	
4164	-3472	16348	-856	25591	2182	0	
4236	-2760	17168	-2536	28050	1644	0	
4092	-2604	18876	-2928	30164	271	0	
2108	-3000	21432	-1589	28633	-1850	0	
-520	-3656	22268	2396	22086	-2770	0	
-1724	-4404	19420	5422	17836	-1185	0	
-1520	-4452	16892	5160	15233	-173	0	
-680	-3152	15984	3441	14897	-193	0	
-304	-2592	16628	1880	17237	-1057	0	
-624	-3168	17836	1861	20246	-2036	0	
-1756	-2672	19360	3478	20968	-3943	0	
-3476	-2308	19444	5218	18518	-4908	0	
-5044	-2592	19284	6193	14226	-4763	0	
-4756	-2528	17680	5959	11673	-3749	0	
-4652	-2584	18040	5024	11002	-3210	0	
-5468	-2280	18848	4973	8925	-3147	0	
-6044	-1968	19504	5554	6129	-2427	0	
-5268	-1992	19716	6532	3990	-1795	0	
-4684	-2040	20036	7704	2369	-2431	0	
-5216	-1588	19824	8941	1891	-3110	0	
-6768	-2360	19436	9755	939	-2122	0	
-7512	-2688	19008	10304	-1900	-221	0	
-7040	-1788	17984	10436	-6854	1358	0	
-4836	-272	16940	8881	-10064	2802	0	
-2900	1332	17640	6331	-11396	2340	0	
-1824	76	18716	5941	-9574	161	0	
-1664	-1668	19016	8464	-3462	-2449	0	
-3960	-1692	18320	10419	19	-3689	0	
-5024	-1144	16824	10571	-473	-2360	0	
-4276	956	15332	9090	-2821	-739	0	
-3872	1868	15324	6408	-6194	256	0	
-4288	1768	16476	4438	-11016	1147	0	
-5080	1680	17444	4206	-16435	2014	0	
-4876	1028	17428	4696	-22214	3732	0	
-3248	588	15592	4204	-25754	5399	0	
-696	52	12876	3573	-23228	5604	0	
988	704	10428	1041	-16683	4939	0	
1564	1784	10252	-3839	-10762	3835	0	
584	2228	12236	-8821	-8811	3375	0	
680	1364	14596	-12219	-9140	4049	0	
1816	1316	17248	-14005	-8763	4178	0	
1240	1136	20788	-13669	-8436	3063	0	
-180	-124	22212	-11526	-10347	2962	0	
-320	-852	22472	-8670	-13300	4198	0	
960	-1364	20816	-6032	-15338	5668	0	
2420	-1536	18944	-4505	-14649	6482	0	
3472	-200	17832	-4819	-12940	6421	0	
1852	860	19364	-6450	-15312	7210	0	
3424	-1260	19392	-6458	-18136	8884	0	
5856	-1832	18404	-5152	-18087	8878	0	
7484	-1332	17140	-4081	-14417	6340	0	
8784	136	15244	-5657	-6607	2937	0	
6632	-288	18716	-8130	2441	1224	0	
4864	-4308	21176	-6715	-1102	1096	0	
6068	-3740	19292	-3069	527	1652	0	
7192	-2656	17460	-1201	5601	635	0	
3564	-2948	16632	-1015	4831	2403	0	
6168	-468	15724	-3476	3892	1865	0	
7220	-1080	16204	-6016	3835	-63	0	
5604	-1524	16180	-671	5876	-3272	0	
2612	-2144	20196	-506	4220	-2131	0	
3020	-1996	18124	-655	3210	-1879	0	
3528	-1696	18064	-939	3581	-1184	0	
3600	-1860	18464	-1020	3222	-878	0	
3924	-2016	18408	-1181	2643	-587	0	
4040	-1832	17036	-1310	3695	-660	0	
4120	-2440	17108	-1697	5736	-1008	0	
3552	-1572	17168	-2042	7890	-1430	0	
3596	-2204	17040	-1756	10133	-1735	0	
2812	-2232	17192	-1471	12395	-1762	0	
1668	-1904	17176	-1767	13166	-637	0	
1576	-1968	17604	-2150	12270	43	0	
1624	-2516	18148	-2148	9896	-261	0	
1892	-1972	18676	842	9294	-1188	0	
1940	-1960	18660	871	9953	-1196	0	
1276	-2224	18160	441	11764	-1146	0	
-36	596	12816	5269	9371	-1096	0	
888	-1612	17992	4325	9388	-1847	0	
1244	-1772	18868	4434	11267	-1686	0	
600	-1404	18724	4769	13248	-1991	0	
-80	-1256	18660	5127	14125	-2600	0	
-860	-1512	18288	5361	14008	-2702	0	
-1632	-2052	18092	5296	12241	-2175	0	
-1452	-1280	18112	5866	11041	-2050	0	
-2332	-936	18356	5543	8904	-2157	0	
-2748	452	18080	3022	4545	-1528	0	
-2172	452	17908	799	966	-875	0	
-1940	-572	18348	865	626	-1440	0	
-2116	-668	18632	1616	1000	-2570	0	
-2692	280	18252	195	-762	-3025	0	
-2496	464	17756	115	-2154	-3301	0	
-2276	-84	18004	99	-4550	-4164	0	
-2628	-840	17944	-120	-6163	-3827	0	
-2408	-1692	18056	-304	-6474	-2014	0	
-1192	-1644	18732	-666	-5571	183	0	
-384	-388	18640	-915	-4040	638	0	
-576	-376	18916	-1050	-2309	230	0	
-1480	-800	18640	-1122	-1563	-50	0	
-324	-344	18500	-1070	-1548	-680	0	
-244	-536	18652	-541	-650	-2021	0	
-1008	-24	18288	-657	-471	-2475	0	
-2764	-864	18092	-14	-3229	-4369	0	
-5252	-1988	14028	3460	-21429	-2330	0	
-9868	-2464	24724	1182	-32768	-819	0	
-1456	13300	584	-3399	-7045	4230	0	
5940	-3344	14308	2106	3135	1158	0	
2488	-768	18396	-619	-329	585	0	
2100	-232	18640	-523	427	-372	0	
1400	-280	18216	-580	314	-312	0	
1208	-396	18548	-596	121	-307	0	
1228	-312	18104	-562	166	-303	0	
2220	-844	18492	-275	308	-306	0	
1460	-384	18716	-599	180	-251	0	
1296	-404	18428	-550	151	-281	0	
1212	-384	18620	-535	163	-342	0	
1092	-356	18628	-557	162	-326	0	
1200	-340	18552	-586	163	-333	0	
1192	-392	18456	-585	169	-324	0	
1236	-424	18524	-573	132	-330	0	
1176	-296	18428	-537	166	-345	0	
1164	-344	18468	-559	140	-344	0	
1208	-420	18460	-584	158	-335	0	
1104	-456	18548	-599	150	-341	0	
1196	-336	18336	-559	136	-341	0	
1220	-412	18540	-562	146	-338	0	
1124	-340	18608	-587	162	-336	0	
1352	-392	18444	-568	172	-339	0	
1260	-384	18344	-559	162	-345	0	
1136	-396	18496	-572	127	-360	0	
1244	-344	18524	-578	158	-317	0	
1112	-216	18748	-503	-240	-317	0	
952	-696	19240	-527	50	-328	0	
1004	-384	19088	-557	170	-312	0	
1320	-348	18228	-588	240	-312	0	
1320	-464	18124	-585	236	-335	0	
1304	-388	18228	-581	149	-337	0	
1104	-348	18392	-547	105	-352	0	
1120	-244	18560	-510	191	-309	0	
1396	-616	18616	-473	276	-344	0	
1120	-216	18420	-596	165	-335	0	
1204	-404	18508	-599	130	-343	0	
1156	-432	18424	-574	130	-335	0	
1336	-292	18432	-590	207	-339	0	
1320	-468	18412	-558	178	-331	0	
1492	-320	17976	-572	193	-321	0	
1244	-472	18312	-547	163	-340	0	
1132	-364	18496	-580	109	-329	0	
1148	-336	18464	-573	145	-357	0	
1232	-440	18396	-602	162	-337	0	
1232	-432	18408	-545	142	-357	0	
1268	-348	18428	-567	159	-330	0	
1164	-408	18424	-585	170	-355	0	
1236	-260	18328	-584	152	-332	0	
1160	-416	18316	-580	128	-324	0	
1092	-276	18416	-565	168	-351	0	
1176	-468	18564	-571	162	-343	0	
1220	-312	18420	-575	167	-315	0	
1176	-480	18400	-582	166	-351	0	
1168	-348	18428	-581	137	-336	0	
1192	-448	18456	-569	162	-338	0	
1164	-348	18484	-567	161	-344	0	
1156	-352	18420	-583	157	-356	0	
1184	-408	18600	-561	130	-314	0	
1256	-448	18700	-573	162	-347	0	
1124	-388	18472	-558	173	-326	0	
1244	-364	18264	-579	149	-311	0	
1136	-440	18348	-557	134	-342	0	
1184	-460	18508	-579	141	-341	0	
1212	-360	18656	-563	166	-323	0	
1252	-436	18620	-563	131	-359	0	
1156	-328	18400	-565	154	-356	0	
1204	-388	18516	-578	156	-330	0	
1196	-392	18324	-574	148	-343	0	
1120	-452	18512	-574	148	-354	0	
1240	-424	18448	-555	175	-324	0	
1128	-356	18432	-563	158	-331	0	
1272	-376	18484	-567	142	-351	0	
1164	-388	18544	-589	144	-327	0	
1144	-384	18512	-588	158	-351	0	
1160	-300	18620	-578	143	-342	0	
1148	-384	18504	-569	153	-360	0	
1300	-440	18620	-575	152	-325	0	
1296	-328	18584	-567	146	-327	0	
1284	-492	18540	-595	144	-336	0	
1104	-376	18516	-564	121	-328	0	
1196	-368	18408	-587	161	-302	0	
1216	-408	18616	-563	150	-325	0	
1128	-368	18388	-558	154	-352	0	
1080	-344	18500	-567	166	-344	0	
1160	-420	18372	-568	162	-334	0	
1232	-484	18532	-573	140	-350	0	
1048	-352	18476	-564	161	-332	0	
1196	-452	18624	-558	168	-346	0	
1180	-360	18432	-567	134	-334	0	
1136	-308	18384	-555	169	-321	0	
1264	-500	18476	-565	142	-333	0	
1272	-420	18460	-574	189	-337	0	
1164	-420	18484	-565	150	-345	0	
1216	-412	18360	-582	165	-326	0	
1292	-360	18488	-570	159	-326	0	
1160	-356	18596	-561	171	-327	0	
1164	-348	18480	-588	132	-339	0	
1208	-276	18588	-571	148	-361	0	
1240	-336	18488	-567	164	-316	0	
1180	-496	18512	-560	161	-331	0	
1228	-360	18604	-568	148	-334	0	
1148	-412	18552	-575	150	-315	0	
1252	-440	18544	-591	159	-330	0	
1204	-464	18456	-599	160	-314	0	
1156	-348	18492	-555	157	-337	0	
1328	-312	18488	-579	148	-344	0	
1208	-368	18468	-561	156	-340	0	
1216	-392	18512	-563	156	-346	0	
1132	-432	18448	-589	157	-343	0	
1176	-348	18596	-580	177	-329	0	
1144	-360	18632	-580	143	-335	0	
1276	-384	18524	-582	147	-327	0	
1228	-352	18544	-557	146	-357	0	
1168	-440	18420	-572	179	-342	0	
1240	-368	18456	-574	131	-308	0	
1172	-484	18396	-575	148	-330	0	
1176	-440	18536	-575	170	-342	0	
1212	-356	18476	-583	150	-343	0	
1152	-376	18308	-581	143	-344	0	
1216	-312	18524	-558	163	-327	0	
1200	-276	18348	-561	175	-324	0	
1152	-508	18364	-588	136	-330	0	
1164	-320	18552	-589	155	-328	0	
1136	-436	18644	-572	165	-344	0	
1164	-368	18412	-572	154	-343	0	
1200	-332	18464	-572	141	-346	0	
1108	-464	18404	-578	166	-332	0	
1132	-444	18588	-578	140	-332	0	
1284	-364	18488	-568	158	-327	0	
1228	-412	18612	-569	157	-352	0	
1180	-516	18476	-540	159	-341	0	
1076	-296	18440	-565	140	-323	0	
1136	-460	18568	-581	146	-341	0	
1148	-480	18300	-570	158	-313	0	
1240	-380	18440	-554	167	-325	0	
1168	-400	18496	-559	160	-306	0	
1176	-448	18652	-581	141	-361	0	
1104	-456	18464	-573	154	-343	0	
1160	-428	18400	-562	136	-331	0	
1264	-332	18524	-584	153	-339	0	
1096	-428	18432	-545	170	-326	0	
1176	-440	18524	-577	181	-319	0	
1132	-352	18568	-565	176	-325	0	
1272	-444	18568	-577	155	-303	0	
1132	-424	18448	-581	151	-322	0	
1196	-400	18544	-564	157	-346	0	
1212	-396	18536	-575	160	-339	0	
1224	-440	18344	-586	147	-339	0	
1172	-344	18548	-592	156	-332	0	
1136	-316	18428	-573	158	-336	0	
1208	-484	18548	-560	152	-333	0	
1256	-328	18392	-566	162	-342	0	
1184	-392	18520	-578	159	-311	0	
1244	-444	18452	-588	157	-330	0	
1124	-536	18548	-559	162	-325	0	
1244	-432	18528	-571	159	-304	0	
1216	-332	18456	-570	142	-344	0	
1128	-392	18352	-594	156	-322	0	
1100	-416	18492	-580	159	-323	0	
1156	-392	18516	-557	160	-317	0	
1140	-360	18488	-564	148	-334	0	
1292	-396	18620	-554	161	-341	0	
1256	-392	18444	-556	159	-327	0	
1168	-340	18420	-567	151	-322	0	
1120	-388	18460	-574	151	-347	0	
1196	-472	18336	-581	148	-328	0	
1152	-312	18560	-594	133	-349	0	
1180	-384	18328	-565	150	-341	0	
1040	-364	18568	-575	144	-353	0	
1208	-316	18476	-573	149	-302	0	
1168	-388	18476	-575	139	-344	0	
1040	-316	18584	-566	165	-344	0	
1152	-340	18588	-596	157	-321	0	
1084	-428	18564	-569	135	-324	0	
1184	-456	18324	-570	134	-330	0	
1248	-304	18632	-555	157	-348	0	
1196	-352	18560	-560	152	-332	0	
1148	-400	18456	-563	159	-323	0	
1180	-344	18428	-577	165	-330	0	
1232	-416	18516	-578	165	-357	0	
1204	-384	18316	-566	160	-336	0	
1140	-352	18384	-585	166	-340	0	
1232	-348	18312	-572	144	-318	0	
1268	-392	18456	-578	152	-332	0	
1120	-444	18736	-572	164	-335	0	
1088	-476	18460	-556	150	-330	0	
1228	-440	18568	-574	176	-343	0	
1152	-412	18512	-585	139	-336	0	
1192	-464	18424	-584	141	-359	0	
1184	-388	18428	-566	160	-339	0	
1124	-456	18448	-570	153	-335	0	
1212	-360	18644	-570	133	-304	0	
1188	-296	18560	-570	170	-327	0	
1192	-356	18524	-560	158	-344	0	
1168	-412	18372	-572	150	-349	0	
1184	-464	18504	-556	167	-336	0	
1200	-468	18504	-592	136	-337	0	
1156	-328	18372	-565	115	-348	0	
1316	-264	18592	-572	171	-334	0	
1216	-388	18360	-571	152	-338	0	
1236	-384	18400	-578	168	-325	0	
1204	-428	18488	-590	167	-330	0	
1216	-396	18540	-557	154	-336	0	
1208	-384	18468	-568	159	-346	0	
1172	-444	18444	-578	157	-312	0	
1184	-324	18500	-564	165	-337	0	
1192	-396	18376	-571	152	-334	0	
1284	-308	18524	-568	139	-334	0	
1200	-400	18460	-579	165	-368	0	
1184	-336	18548	-574	163	-348	0	
1136	-388	18448	-563	174	-317	0	
1220	-452	18368	-566	173	-326	0	
1140	-440	18480	-573	164	-320	0	
1140	-440	18480	-552	172	-342	0	
1036	-344	18468	-580	132	-337	0	
1236	-252	18552	-584	137	-338	0	
1064	-360	18256	-560	151	-356	0	
1204	-396	18568	-569	145	-333	0	
1196	-372	18420	-568	152	-347	0	
1188	-456	18328	-562	168	-336	0	
1212	-456	18516	-551	165	-338	0	
1144	-428	18488	-586	144	-311	0	
1204	-428	18452	-559	173	-325	0	
1260	-412	18552	-572	164	-341	0	
1120	-428	18344	-572	149	-328	0	
1200	-484	18456	-584	161	-333	0	
1244	-364	18408	-566	164	-347	0	
1232	-368	18568	-573	145	-354	0	
1156	-548	18536	-568	170	-331	0	
1172	-308	18508	-568	140	-322	0	
1160	-356	18348	-558	152	-358	0	
1256	-440	18328	-554	144	-350	0	
1272	-500	18488	-555	150	-326	0	
1168	-368	18660	-587	150	-345	0	
1200	-392	18416	-578	159	-331	0	
1252	-524	18448	-582	146	-344	0	
1228	-396	18424	-559	146	-330	0	
1160	-392	18476	-569	151	-339	0	
1208	-448	18496	-564	150	-357	0	
1236	-384	18548	-573	165	-323	0	
1120	-408	18596	-592	151	-333	0	
1040	-408	18492	-573	164	-345	0	
1172	-436	18452	-574	155	-327	0	
1160	-412	18456	-574	158	-313	0	
1092	-460	18344	-571	137	-325	0	
1196	-404	18552	-568	153	-324	0	
1200	-348	18428	-578	168	-335	0	
1152	-496	18544	-567	155	-352	0	
1248	-324	18512	-575	145	-331	0	
1304	-420	18492	-596	158	-329	0	
1184	-328	18540	-567	164	-333	0	
1224	-368	18480	-567	175	-329	0	
1148	-480	18480	-578	159	-339	0	
1216	-336	18616	-591	153	-334	0	
1160	-408	18392	-556	160	-335	0	
1160	-440	18420	-553	155	-320	0	
1188	-356	18636	-550	173	-315	0	
1252	-372	18364	-555	137	-341	0	
1132	-308	18428	-579	171	-319	0	
1040	-412	18516	-569	151	-352	0	
1140	-388	18260	-576	150	-343	0	
1276	-396	18400	-564	152	-313	0	
1192	-440	18464	-569	145	-330	0	
1248	-436	18472	-559	135	-334	0	
1160	-488	18440	-579	166	-326	0	
1180	-432	18444	-582	161	-328	0	
1176	-500	18484	-566	158	-313	0	
1264	-408	18548	-569	164	-347	0	
1196	-420	18492	-575	153	-362	0	
1164	-396	18464	-583	149	-348	0	
1196	-320	18388	-573	146	-323	0	
1240	-356	18488	-573	134	-361	0	
1160	-368	18520	-559	167	-342	0	
1232	-324	18316	-580	167	-338	0	
1148	-408	18324	-587	165	-346	0	
1204	-348	18492	-557	140	-322	0	
1180	-380	18324	-584	137	-350	0	
1112	-420	18400	-572	160	-342	0	
1128	-360	18444	-569	156	-343	0	
1096	-424	18336	-585	150	-314	0	
1144	-400	18400	-568	175	-349	0	
1228	-444	18616	-561	159	-314	0	
1088	-432	18460	-559	147	-313	0	
1168	-344	18536	-580	138	-361	0	
1140	-448	18452	-583	158	-345	0	
1180	-328	18468	-578	153	-328	0	
1220	-428	18604	-573	166	-328	0	
1160	-444	18500	-557	164	-354	0	
1232	-432	18656	-554	149	-331	0	
1244	-304	18420	-571	163	-352	0	
1216	-304	18504	-573	149	-342	0	
1212	-312	18656	-574	148	-305	0	
1204	-392	18532	-587	155	-343	0	
1100	-384	18612	-574	151	-339	0	
1116	-400	18396	-554	152	-316	0	
1184	-268	18616	-564	178	-348	0	
1272	-336	18640	-550	161	-341	0	
1220	-340	18468	-575	146	-332	0	
1072	-412	18524	-555	150	-329	0	
1132	-360	18564	-569	150	-304	0	
1308	-344	18440	-583	165	-339	0	
1216	-376	18428	-567	136	-324	0	
1132	-404	18424	-558	141	-322	0	
1208	-336	18392	-553	146	-320	0	
1240	-428	18444	-569	156	-319	0	
1140	-428	18452	-571	153	-333	0	
1168	-420	18568	-565	162	-319	0	
1184	-472	18456	-582	140	-331	0	
1224	-388	18368	-565	156	-306	0	
1140	-396	18696	-589	144	-321	0	
1124	-284	18448	-547	140	-326	0	
1164	-372	18540	-570	174	-320	0	
1192	-352	18512	-572	155	-330	0	
1196	-304	18508	-562	149	-346	0	
1072	-340	18600	-558	159	-307	0	
1192	-412	18384	-586	162	-331	0	
1216	-416	18652	-568	157	-335	0	
1244	-384	18572	-572	162	-341	0	
1296	-360	18508	-550	149	-338	0	
1220	-340	18552	-556	139	-341	0	
1120	-324	18608	-588	151	-369	0	
1184	-332	18540	-572	144	-351	0	
1196	-340	18528	-565	145	-359	0	
1172	-364	18396	-564	150	-320	0	
1236	-368	18308	-559	157	-329	0	
1112	-496	18520	-587	163	-339	0	
1176	-416	18568	-559	164	-354	0	
1208	-408	18484	-579	152	-361	0	
1188	-456	18632	-566	148	-347	0	
1136	-404	18632	-575	166	-348	0	
1240	-408	18452	-574	138	-349	0	
1156	-392	18460	-556	167	-314	0	
1256	-348	18572	-584	154	-357	0	
1164	-436	18440	-581	118	-350	0	
1196	-360	18532	-573	140	-345	0	
1136	-420	18604	-557	142	-320	0	
1224	-428	18624	-553	184	-345	0	
1236	-372	18624	-568	164	-317	0	
1276	-356	18440	-573	161	-333	0	
1204	-340	18560	-568	163	-337	0	
1332	-408	18392	-561	182	-347	0	
1240	-428	18368	-556	159	-342	0	
1224	-336	18536	-569	147	-311	0	
1216	-444	18552	-573	186	-333	0	
1140	-248	18452	-586	145	-327	0	
1096	-464	18504	-544	130	-324	0	
1264	-360	18412	-554	141	-339	0	
1180	-388	18572	-567	149	-326	0	
1152	-400	18592	-563	154	-312	0	
1160	-328	18520	-580	136	-331	0	
1204	-468	18496	-581	162	-339	0	
1268	-416	18408	-575	147	-371	0	
1136	-396	18352	-582	167	-311	0	
1252	-408	18552	-575	152	-342	0	
1172	-380	18488	-564	155	-324	0	
1196	-364	18632	-574	148	-346	0	
1252	-424	18588	-558	158	-325	0	
1236	-388	18536	-566	135	-351	0	
1232	-320	18404	-583	159	-324	0	
1116	-464	18404	-568	143	-338	0	
1132	-460	18540	-569	173	-338	0	
1216	-304	18480	-577	148	-352	0	
1140	-320	18476	-560	149	-334	0	
1204	-372	18444	-567	150	-345	0	
1252	-352	18432	-572	169	-364	0	
1172	-432	18348	-561	172	-319	0	
1192	-352	18580	-579	172	-340	0	
1176	-484	18552	-577	146	-335	0	
1180	-452	18488	-585	147	-331	0	
1220	-372	18448	-582	150	-320	0	
1240	-388	18480	-573	154	-340	0	
1184	-428	18388	-564	142	-339	0	
1172	-320	18484	-576	152	-345	0	
1204	-436	18504	-577	150	-342	0	
1124	-456	18464	-569	160	-344	0	
1200	-412	18492	-562	149	-332	0	
1272	-388	18548	-559	144	-322	0	
1292	-368	18544	-558	146	-335	0	
1196	-504	18408	-582	156	-338	0	
1064	-380	18528	-584	149	-315	0	
1260	-380	18508	-582	171	-309	0	
1216	-376	18488	-570	158	-332	0	
1208	-552	18440	-591	148	-346	0	
1088	-460	18404	-580	149	-317	0	
1268	-404	18416	-561	160	-333	0	
1148	-368	18700	-569	158	-337	0	
1148	-416	18500	-569	147	-354	0	
1164	-416	18476	-572	162	-344	0	
1184	-392	18436	-558	157	-310	0	
1128	-476	18552	-578	157	-342	0	
1220	-412	18476	-564	159	-333	0	
1204	-380	18448	-577	140	-344	0	
1116	-340	18756	-575	172	-337	0	
1176	-420	18460	-559	158	-342	0	
1216	-440	18420	-552	148	-334	0	
1224	-368	18532	-579	147	-348	0	
1100	-380	18364	-567	134	-332	0	
1112	-420	18688	-565	146	-349	0	
1216	-388	18500	-576	156	-326	0	
1264	-384	18540	-568	154	-317	0	
1176	-344	18492	-571	145	-349	0	
1052	-436	18408	-568	174	-332	0	
1200	-476	18404	-566	171	-326	0	
1256	-420	18472	-571	168	-353	0	
1152	-440	18468	-571	143	-347	0	
1148	-412	18480	-550	143	-329	0	
1184	-428	18656	-593	153	-323	0	
1180	-440	18448	-575	166	-346	0	
1204	-408	18528	-582	142	-315	0	
1272	-360	18328	-557	153	-351	0	
1268	-316	18452	-554	139	-367	0	
1080	-320	18508	-594	149	-360	0	
1108	-340	18392	-587	160	-364	0	
1236	-432	18468	-568	172	-336	0	
1156	-320	18476	-575	144	-324	0	
1180	-316	18372	-593	162	-356	0	
1136	-400	18484	-564	166	-348	0	
1152	-372	18548	-564	165	-338	0	
1152	-344	18588	-563	137	-342	0	
1148	-360	18500	-583	170	-324	0	
1180	-424	18528	-581	153	-317	0	
1160	-264	18616	-565	159	-320	0	
1216	-416	18636	-572	148	-309	0	
1232	-364	18484	-587	139	-325	0	
1292	-352	18536	-582	163	-354	0	
1240	-388	18456	-584	139	-336	0	
1140	-368	18572	-581	154	-326	0	
1080	-276	18612	-564	161	-327	0	
1208	-444	18636	-557	140	-316	0	
1088	-432	18532	-565	161	-343	0	
1132	-340	18400	-570	161	-339	0	
1252	-360	18464	-557	161	-335	0	
1260	-368	18532	-580	140	-340	0	
1220	-360	18488	-562	171	-330	0	
1200	-328	18448	-560	172	-350	0	
1156	-360	18516	-577	150	-335	0	
1124	-344	18624	-571	160	-329	0	
1156	-428	18440	-580	135	-332	0	
1168	-500	18504	-569	169	-308	0	
1232	-456	18428	-577	156	-329	0	
1160	-392	18360	-565	150	-339	0	
1184	-428	18544	-572	177	-332	0	
1172	-372	18384	-573	155	-356	0	
1236	-336	18336	-578	153	-342	0	
1276	-392	18464	-567	161	-339	0	
1264	-248	18504	-558	151	-319	0	
1276	-364	18368	-586	169	-342	0	
1136	-400	18528	-574	152	-301	0	
1260	-372	18452	-546	157	-337	0	
1252	-348	18696	-564	142	-313	0	
1180	-468	18488	-575	150	-317	0	
1212	-280	18536	-588	159	-354	0	
1372	-392	18212	-577	157	-330	0	
1092	-536	18484	-559	147	-347	0	
1140	-392	18332	-570	144	-348	0	
